(kicad_pcb (version 20171130) (host pcbnew 5.0.0-fee4fd1~66~ubuntu18.04.1)

  (general
    (thickness 1.6)
    (drawings 10)
    (tracks 48)
    (zones 0)
    (modules 18)
    (nets 12)
  )

  (page A4)
  (title_block
    (title "Boost Converter")
    (date 2018-08-06)
    (rev 1.0)
  )

  (layers
    (0 F.Cu signal)
    (31 B.Cu signal)
    (32 B.Adhes user)
    (33 F.Adhes user)
    (34 B.Paste user)
    (35 F.Paste user)
    (36 B.SilkS user)
    (37 F.SilkS user)
    (38 B.Mask user)
    (39 F.Mask user)
    (40 Dwgs.User user hide)
    (41 Cmts.User user)
    (42 Eco1.User user)
    (43 Eco2.User user)
    (44 Edge.Cuts user)
    (45 Margin user)
    (46 B.CrtYd user)
    (47 F.CrtYd user)
    (48 B.Fab user)
    (49 F.Fab user)
  )

  (setup
    (last_trace_width 2)
    (user_trace_width 0.381)
    (user_trace_width 0.406)
    (user_trace_width 0.432)
    (user_trace_width 0.457)
    (user_trace_width 0.483)
    (user_trace_width 0.507)
    (user_trace_width 1)
    (user_trace_width 2)
    (trace_clearance 0.2)
    (zone_clearance 0.508)
    (zone_45_only no)
    (trace_min 0.2)
    (segment_width 0.2)
    (edge_width 0.15)
    (via_size 0.8)
    (via_drill 0.4)
    (via_min_size 0.4)
    (via_min_drill 0.3)
    (uvia_size 0.3)
    (uvia_drill 0.1)
    (uvias_allowed no)
    (uvia_min_size 0.2)
    (uvia_min_drill 0.1)
    (pcb_text_width 0.3)
    (pcb_text_size 1.5 1.5)
    (mod_edge_width 0.15)
    (mod_text_size 1 1)
    (mod_text_width 0.15)
    (pad_size 2.2 2.2)
    (pad_drill 1)
    (pad_to_mask_clearance 0.2)
    (aux_axis_origin 0 0)
    (visible_elements FFFFFF7F)
    (pcbplotparams
      (layerselection 0x01000_7fffffff)
      (usegerberextensions true)
      (usegerberattributes false)
      (usegerberadvancedattributes false)
      (creategerberjobfile false)
      (gerberprecision 5)
      (excludeedgelayer true)
      (linewidth 0.100000)
      (plotframeref false)
      (viasonmask false)
      (mode 1)
      (useauxorigin false)
      (hpglpennumber 1)
      (hpglpenspeed 20)
      (hpglpendiameter 15.000000)
      (psnegative false)
      (psa4output false)
      (plotreference false)
      (plotvalue false)
      (plotinvisibletext false)
      (padsonsilk false)
      (subtractmaskfromsilk false)
      (outputformat 1)
      (mirror false)
      (drillshape 0)
      (scaleselection 1)
      (outputdirectory "Gerber/"))
  )

  (net 0 "")
  (net 1 "Net-(C1-Pad1)")
  (net 2 GND)
  (net 3 "Net-(C6-Pad1)")
  (net 4 "Net-(D1-Pad2)")
  (net 5 "Net-(R3-Pad2)")
  (net 6 "Net-(C2-Pad1)")
  (net 7 "Net-(C5-Pad1)")
  (net 8 "Net-(R1-Pad1)")
  (net 9 "Net-(U1-Pad11)")
  (net 10 "Net-(C4-Pad1)")
  (net 11 "Net-(J1-Pad1)")

  (net_class Default "This is the default net class."
    (clearance 0.2)
    (trace_width 0.25)
    (via_dia 0.8)
    (via_drill 0.4)
    (uvia_dia 0.3)
    (uvia_drill 0.1)
    (add_net GND)
    (add_net "Net-(C1-Pad1)")
    (add_net "Net-(C2-Pad1)")
    (add_net "Net-(C4-Pad1)")
    (add_net "Net-(C5-Pad1)")
    (add_net "Net-(C6-Pad1)")
    (add_net "Net-(D1-Pad2)")
    (add_net "Net-(J1-Pad1)")
    (add_net "Net-(R1-Pad1)")
    (add_net "Net-(R3-Pad2)")
    (add_net "Net-(U1-Pad11)")
  )

  (module Connector_PinHeader_2.54mm:PinHeader_1x02_P2.54mm_Horizontal (layer F.Cu) (tedit 59FED5CB) (tstamp 5B727A08)
    (at 94.65 99.425 180)
    (descr "Through hole angled pin header, 1x02, 2.54mm pitch, 6mm pin length, single row")
    (tags "Through hole angled pin header THT 1x02 2.54mm single row")
    (path /5B727F7C)
    (fp_text reference J3 (at 4.385 -2.27 180) (layer F.SilkS)
      (effects (font (size 1 1) (thickness 0.15)))
    )
    (fp_text value Switch (at 4.385 4.81 180) (layer F.Fab)
      (effects (font (size 1 1) (thickness 0.15)))
    )
    (fp_line (start 2.135 -1.27) (end 4.04 -1.27) (layer F.Fab) (width 0.1))
    (fp_line (start 4.04 -1.27) (end 4.04 3.81) (layer F.Fab) (width 0.1))
    (fp_line (start 4.04 3.81) (end 1.5 3.81) (layer F.Fab) (width 0.1))
    (fp_line (start 1.5 3.81) (end 1.5 -0.635) (layer F.Fab) (width 0.1))
    (fp_line (start 1.5 -0.635) (end 2.135 -1.27) (layer F.Fab) (width 0.1))
    (fp_line (start -0.32 -0.32) (end 1.5 -0.32) (layer F.Fab) (width 0.1))
    (fp_line (start -0.32 -0.32) (end -0.32 0.32) (layer F.Fab) (width 0.1))
    (fp_line (start -0.32 0.32) (end 1.5 0.32) (layer F.Fab) (width 0.1))
    (fp_line (start 4.04 -0.32) (end 10.04 -0.32) (layer F.Fab) (width 0.1))
    (fp_line (start 10.04 -0.32) (end 10.04 0.32) (layer F.Fab) (width 0.1))
    (fp_line (start 4.04 0.32) (end 10.04 0.32) (layer F.Fab) (width 0.1))
    (fp_line (start -0.32 2.22) (end 1.5 2.22) (layer F.Fab) (width 0.1))
    (fp_line (start -0.32 2.22) (end -0.32 2.86) (layer F.Fab) (width 0.1))
    (fp_line (start -0.32 2.86) (end 1.5 2.86) (layer F.Fab) (width 0.1))
    (fp_line (start 4.04 2.22) (end 10.04 2.22) (layer F.Fab) (width 0.1))
    (fp_line (start 10.04 2.22) (end 10.04 2.86) (layer F.Fab) (width 0.1))
    (fp_line (start 4.04 2.86) (end 10.04 2.86) (layer F.Fab) (width 0.1))
    (fp_line (start 1.44 -1.33) (end 1.44 3.87) (layer F.SilkS) (width 0.12))
    (fp_line (start 1.44 3.87) (end 4.1 3.87) (layer F.SilkS) (width 0.12))
    (fp_line (start 4.1 3.87) (end 4.1 -1.33) (layer F.SilkS) (width 0.12))
    (fp_line (start 4.1 -1.33) (end 1.44 -1.33) (layer F.SilkS) (width 0.12))
    (fp_line (start 4.1 -0.38) (end 10.1 -0.38) (layer F.SilkS) (width 0.12))
    (fp_line (start 10.1 -0.38) (end 10.1 0.38) (layer F.SilkS) (width 0.12))
    (fp_line (start 10.1 0.38) (end 4.1 0.38) (layer F.SilkS) (width 0.12))
    (fp_line (start 4.1 -0.32) (end 10.1 -0.32) (layer F.SilkS) (width 0.12))
    (fp_line (start 4.1 -0.2) (end 10.1 -0.2) (layer F.SilkS) (width 0.12))
    (fp_line (start 4.1 -0.08) (end 10.1 -0.08) (layer F.SilkS) (width 0.12))
    (fp_line (start 4.1 0.04) (end 10.1 0.04) (layer F.SilkS) (width 0.12))
    (fp_line (start 4.1 0.16) (end 10.1 0.16) (layer F.SilkS) (width 0.12))
    (fp_line (start 4.1 0.28) (end 10.1 0.28) (layer F.SilkS) (width 0.12))
    (fp_line (start 1.11 -0.38) (end 1.44 -0.38) (layer F.SilkS) (width 0.12))
    (fp_line (start 1.11 0.38) (end 1.44 0.38) (layer F.SilkS) (width 0.12))
    (fp_line (start 1.44 1.27) (end 4.1 1.27) (layer F.SilkS) (width 0.12))
    (fp_line (start 4.1 2.16) (end 10.1 2.16) (layer F.SilkS) (width 0.12))
    (fp_line (start 10.1 2.16) (end 10.1 2.92) (layer F.SilkS) (width 0.12))
    (fp_line (start 10.1 2.92) (end 4.1 2.92) (layer F.SilkS) (width 0.12))
    (fp_line (start 1.042929 2.16) (end 1.44 2.16) (layer F.SilkS) (width 0.12))
    (fp_line (start 1.042929 2.92) (end 1.44 2.92) (layer F.SilkS) (width 0.12))
    (fp_line (start -1.27 0) (end -1.27 -1.27) (layer F.SilkS) (width 0.12))
    (fp_line (start -1.27 -1.27) (end 0 -1.27) (layer F.SilkS) (width 0.12))
    (fp_line (start -1.8 -1.8) (end -1.8 4.35) (layer F.CrtYd) (width 0.05))
    (fp_line (start -1.8 4.35) (end 10.55 4.35) (layer F.CrtYd) (width 0.05))
    (fp_line (start 10.55 4.35) (end 10.55 -1.8) (layer F.CrtYd) (width 0.05))
    (fp_line (start 10.55 -1.8) (end -1.8 -1.8) (layer F.CrtYd) (width 0.05))
    (fp_text user %R (at 2.77 1.27 270) (layer F.Fab)
      (effects (font (size 1 1) (thickness 0.15)))
    )
    (pad 1 thru_hole rect (at 0 0 180) (size 1.7 1.7) (drill 1) (layers *.Cu *.Mask)
      (net 11 "Net-(J1-Pad1)"))
    (pad 2 thru_hole oval (at 0 2.54 180) (size 1.7 1.7) (drill 1) (layers *.Cu *.Mask)
      (net 1 "Net-(C1-Pad1)"))
    (model ${KISYS3DMOD}/Connector_PinHeader_2.54mm.3dshapes/PinHeader_1x02_P2.54mm_Horizontal.wrl
      (at (xyz 0 0 0))
      (scale (xyz 1 1 1))
      (rotate (xyz 0 0 0))
    )
  )

  (module SOP65P640X120-15N:SOP65P640X120-15N (layer F.Cu) (tedit 5B6EC314) (tstamp 5B7185DB)
    (at 116.24564 102.33126)
    (path /5B67F8C0)
    (attr smd)
    (fp_text reference U1 (at -0.577503 -3.2237) (layer F.SilkS)
      (effects (font (size 0.643453 0.643453) (thickness 0.05)))
    )
    (fp_text value TPS55340 (at -0.16863 3.20567) (layer F.SilkS)
      (effects (font (size 0.642418 0.642418) (thickness 0.05)))
    )
    (fp_line (start 2.2 -2.5) (end 2.2 2.5) (layer Dwgs.User) (width 0.127))
    (fp_line (start 2.2 2.5) (end -2.2 2.5) (layer Dwgs.User) (width 0.127))
    (fp_line (start -2.2 2.5) (end -2.2 -2.5) (layer Dwgs.User) (width 0.127))
    (fp_line (start -2.2 -2.5) (end 2.2 -2.5) (layer Dwgs.User) (width 0.127))
    (fp_circle (center -3.41 -2.64) (end -3.31 -2.64) (layer F.SilkS) (width 0.2))
    (fp_line (start -4 -2.75) (end 4 -2.75) (layer Eco1.User) (width 0.05))
    (fp_line (start 4 -2.75) (end 4 2.75) (layer Eco1.User) (width 0.05))
    (fp_line (start 4 2.75) (end -4 2.75) (layer Eco1.User) (width 0.05))
    (fp_line (start -4 2.75) (end -4 -2.75) (layer Eco1.User) (width 0.05))
    (fp_line (start -2.2 -2.5) (end 2.2 -2.5) (layer F.SilkS) (width 0.127))
    (fp_line (start -2.2 2.5) (end 2.2 2.5) (layer F.SilkS) (width 0.127))
    (fp_poly (pts (xy -1.71039 -2.5) (xy 1.7 -2.5) (xy 1.7 2.51527) (xy -1.71039 2.51527)) (layer F.Mask) (width 0))
    (fp_poly (pts (xy -0.803924 -0.75) (xy 0.8 -0.75) (xy 0.8 0.753679) (xy -0.803924 0.753679)) (layer F.Paste) (width 0))
    (pad 1 smd rect (at -2.87 -1.95) (size 1.57 0.41) (layers F.Cu F.Paste F.Mask)
      (net 4 "Net-(D1-Pad2)"))
    (pad 2 smd rect (at -2.87 -1.3) (size 1.57 0.41) (layers F.Cu F.Paste F.Mask)
      (net 4 "Net-(D1-Pad2)"))
    (pad 3 smd rect (at -2.87 -0.65) (size 1.57 0.41) (layers F.Cu F.Paste F.Mask)
      (net 1 "Net-(C1-Pad1)"))
    (pad 4 smd rect (at -2.87 0) (size 1.57 0.41) (layers F.Cu F.Paste F.Mask)
      (net 1 "Net-(C1-Pad1)"))
    (pad 5 smd rect (at -2.87 0.65) (size 1.57 0.41) (layers F.Cu F.Paste F.Mask)
      (net 6 "Net-(C2-Pad1)"))
    (pad 6 smd rect (at -2.87 1.3) (size 1.57 0.41) (layers F.Cu F.Paste F.Mask)
      (net 2 GND))
    (pad 7 smd rect (at -2.87 1.95) (size 1.57 0.41) (layers F.Cu F.Paste F.Mask)
      (net 2 GND))
    (pad 8 smd rect (at 2.87 1.95) (size 1.57 0.41) (layers F.Cu F.Paste F.Mask)
      (net 7 "Net-(C5-Pad1)"))
    (pad 9 smd rect (at 2.87 1.3) (size 1.57 0.41) (layers F.Cu F.Paste F.Mask)
      (net 5 "Net-(R3-Pad2)"))
    (pad 10 smd rect (at 2.87 0.65) (size 1.57 0.41) (layers F.Cu F.Paste F.Mask)
      (net 8 "Net-(R1-Pad1)"))
    (pad 11 smd rect (at 2.87 0) (size 1.57 0.41) (layers F.Cu F.Paste F.Mask)
      (net 9 "Net-(U1-Pad11)"))
    (pad 12 smd rect (at 2.87 -0.65) (size 1.57 0.41) (layers F.Cu F.Paste F.Mask)
      (net 2 GND))
    (pad 13 smd rect (at 2.87 -1.3) (size 1.57 0.41) (layers F.Cu F.Paste F.Mask)
      (net 2 GND))
    (pad 14 smd rect (at 2.87 -1.95) (size 1.57 0.41) (layers F.Cu F.Paste F.Mask)
      (net 2 GND))
    (pad 15 smd rect (at 0 0) (size 2.46 2.31) (layers F.Cu F.Paste F.Mask))
  )

  (module B82477R4684M100:B82477R4684M100 (layer F.Cu) (tedit 5B2AC413) (tstamp 5B7185C3)
    (at 110.725 93.2)
    (descr "Inductor, Vishay, IHLP series, 10.2mmx10.2mm")
    (tags "inductor vishay ihlp smd")
    (path /5B67F159)
    (attr smd)
    (fp_text reference L1 (at 0 -6.08) (layer F.SilkS)
      (effects (font (size 1 1) (thickness 0.15)))
    )
    (fp_text value 6.8uH (at 0 6.58) (layer F.Fab)
      (effects (font (size 1 1) (thickness 0.15)))
    )
    (fp_line (start -6.35 5.35) (end -6.72 5.35) (layer F.CrtYd) (width 0.05))
    (fp_line (start 6.86 5.35) (end 6.36 5.35) (layer F.CrtYd) (width 0.05))
    (fp_line (start 6.86 -5.35) (end 6.32 -5.35) (layer F.CrtYd) (width 0.05))
    (fp_line (start -6.73 -5.35) (end -6.36 -5.35) (layer F.CrtYd) (width 0.05))
    (fp_text user %R (at 0 0) (layer F.Fab)
      (effects (font (size 1 1) (thickness 0.15)))
    )
    (fp_line (start -5.08 -5.08) (end -5.08 5.08) (layer F.Fab) (width 0.1))
    (fp_line (start -5.08 5.08) (end 5.08 5.08) (layer F.Fab) (width 0.1))
    (fp_line (start 5.08 5.08) (end 5.08 -5.08) (layer F.Fab) (width 0.1))
    (fp_line (start 5.08 -5.08) (end -5.08 -5.08) (layer F.Fab) (width 0.1))
    (fp_line (start -5.18 -2.775) (end -5.18 -5.18) (layer F.SilkS) (width 0.12))
    (fp_line (start -5.18 -5.18) (end 5.18 -5.18) (layer F.SilkS) (width 0.12))
    (fp_line (start 5.18 -5.18) (end 5.18 -2.775) (layer F.SilkS) (width 0.12))
    (fp_line (start -5.18 2.775) (end -5.18 5.18) (layer F.SilkS) (width 0.12))
    (fp_line (start -5.18 5.18) (end 5.18 5.18) (layer F.SilkS) (width 0.12))
    (fp_line (start 5.18 5.18) (end 5.18 2.775) (layer F.SilkS) (width 0.12))
    (fp_line (start -6.731 -5.35) (end -6.731 5.35) (layer F.CrtYd) (width 0.05))
    (fp_line (start -6.35 5.35) (end 6.35 5.35) (layer F.CrtYd) (width 0.05))
    (fp_line (start 6.858 5.35) (end 6.858 -5.35) (layer F.CrtYd) (width 0.05))
    (fp_line (start 6.35 -5.35) (end -6.35 -5.35) (layer F.CrtYd) (width 0.05))
    (pad 1 smd rect (at -5.0175 0) (size 3.1 5.6) (layers F.Cu F.Paste F.Mask)
      (net 1 "Net-(C1-Pad1)"))
    (pad 2 smd rect (at 5.0175 0) (size 3.1 5.6) (layers F.Cu F.Paste F.Mask)
      (net 4 "Net-(D1-Pad2)"))
    (model ${KISYS3DMOD}/Inductors_SMD.3dshapes/L_Vishay_IHLP-4040.wrl
      (at (xyz 0 0 0))
      (scale (xyz 1 1 1))
      (rotate (xyz 0 0 0))
    )
  )

  (module Diode_THT:D_DO-41_SOD81_P10.16mm_Horizontal (layer F.Cu) (tedit 5B6EC9DE) (tstamp 5B7BB519)
    (at 130 93.2 180)
    (descr "Diode, DO-41_SOD81 series, Axial, Horizontal, pin pitch=10.16mm, , length*diameter=5.2*2.7mm^2, , http://www.diodes.com/_files/packages/DO-41%20(Plastic).pdf")
    (tags "Diode DO-41_SOD81 series Axial Horizontal pin pitch 10.16mm  length 5.2mm diameter 2.7mm")
    (path /5B67F1FF)
    (fp_text reference D1 (at 5.08 -2.47 180) (layer F.SilkS)
      (effects (font (size 1 1) (thickness 0.15)))
    )
    (fp_text value 1N5818 (at 5.08 2.47 180) (layer F.Fab)
      (effects (font (size 1 1) (thickness 0.15)))
    )
    (fp_text user K (at 0 -2.1 180) (layer F.SilkS)
      (effects (font (size 1 1) (thickness 0.15)))
    )
    (fp_text user K (at 0 -2.1 180) (layer F.Fab)
      (effects (font (size 1 1) (thickness 0.15)))
    )
    (fp_text user %R (at 5.47 0 180) (layer F.Fab)
      (effects (font (size 1 1) (thickness 0.15)))
    )
    (fp_line (start 11.51 -1.6) (end -1.35 -1.6) (layer F.CrtYd) (width 0.05))
    (fp_line (start 11.51 1.6) (end 11.51 -1.6) (layer F.CrtYd) (width 0.05))
    (fp_line (start -1.35 1.6) (end 11.51 1.6) (layer F.CrtYd) (width 0.05))
    (fp_line (start -1.35 -1.6) (end -1.35 1.6) (layer F.CrtYd) (width 0.05))
    (fp_line (start 3.14 -1.47) (end 3.14 1.47) (layer F.SilkS) (width 0.12))
    (fp_line (start 3.38 -1.47) (end 3.38 1.47) (layer F.SilkS) (width 0.12))
    (fp_line (start 3.26 -1.47) (end 3.26 1.47) (layer F.SilkS) (width 0.12))
    (fp_line (start 8.82 0) (end 7.8 0) (layer F.SilkS) (width 0.12))
    (fp_line (start 1.34 0) (end 2.36 0) (layer F.SilkS) (width 0.12))
    (fp_line (start 7.8 -1.47) (end 2.36 -1.47) (layer F.SilkS) (width 0.12))
    (fp_line (start 7.8 1.47) (end 7.8 -1.47) (layer F.SilkS) (width 0.12))
    (fp_line (start 2.36 1.47) (end 7.8 1.47) (layer F.SilkS) (width 0.12))
    (fp_line (start 2.36 -1.47) (end 2.36 1.47) (layer F.SilkS) (width 0.12))
    (fp_line (start 3.16 -1.35) (end 3.16 1.35) (layer F.Fab) (width 0.1))
    (fp_line (start 3.36 -1.35) (end 3.36 1.35) (layer F.Fab) (width 0.1))
    (fp_line (start 3.26 -1.35) (end 3.26 1.35) (layer F.Fab) (width 0.1))
    (fp_line (start 10.16 0) (end 7.68 0) (layer F.Fab) (width 0.1))
    (fp_line (start 0 0) (end 2.48 0) (layer F.Fab) (width 0.1))
    (fp_line (start 7.68 -1.35) (end 2.48 -1.35) (layer F.Fab) (width 0.1))
    (fp_line (start 7.68 1.35) (end 7.68 -1.35) (layer F.Fab) (width 0.1))
    (fp_line (start 2.48 1.35) (end 7.68 1.35) (layer F.Fab) (width 0.1))
    (fp_line (start 2.48 -1.35) (end 2.48 1.35) (layer F.Fab) (width 0.1))
    (pad 2 thru_hole oval (at 10.16 0 180) (size 2.2 2.2) (drill 1) (layers *.Cu *.Mask)
      (net 4 "Net-(D1-Pad2)"))
    (pad 1 thru_hole rect (at 0 0 180) (size 2.2 2.2) (drill 1) (layers *.Cu *.Mask)
      (net 3 "Net-(C6-Pad1)"))
    (model ${KISYS3DMOD}/Diode_THT.3dshapes/D_DO-41_SOD81_P10.16mm_Horizontal.wrl
      (at (xyz 0 0 0))
      (scale (xyz 1 1 1))
      (rotate (xyz 0 0 0))
    )
  )

  (module Capacitor_SMD:C_0805_2012Metric_Pad1.15x1.40mm_HandSolder (layer F.Cu) (tedit 5B36C52B) (tstamp 5B7B9DF2)
    (at 134.6 96.2 270)
    (descr "Capacitor SMD 0805 (2012 Metric), square (rectangular) end terminal, IPC_7351 nominal with elongated pad for handsoldering. (Body size source: https://docs.google.com/spreadsheets/d/1BsfQQcO9C6DZCsRaXUlFlo91Tg2WpOkGARC1WS5S8t0/edit?usp=sharing), generated with kicad-footprint-generator")
    (tags "capacitor handsolder")
    (path /5B682480)
    (attr smd)
    (fp_text reference C7 (at 0 -1.65 270) (layer F.SilkS)
      (effects (font (size 1 1) (thickness 0.15)))
    )
    (fp_text value 1u (at 0 1.65 270) (layer F.Fab)
      (effects (font (size 1 1) (thickness 0.15)))
    )
    (fp_text user %R (at 0 0 270) (layer F.Fab)
      (effects (font (size 0.5 0.5) (thickness 0.08)))
    )
    (fp_line (start 1.85 0.95) (end -1.85 0.95) (layer F.CrtYd) (width 0.05))
    (fp_line (start 1.85 -0.95) (end 1.85 0.95) (layer F.CrtYd) (width 0.05))
    (fp_line (start -1.85 -0.95) (end 1.85 -0.95) (layer F.CrtYd) (width 0.05))
    (fp_line (start -1.85 0.95) (end -1.85 -0.95) (layer F.CrtYd) (width 0.05))
    (fp_line (start -0.261252 0.71) (end 0.261252 0.71) (layer F.SilkS) (width 0.12))
    (fp_line (start -0.261252 -0.71) (end 0.261252 -0.71) (layer F.SilkS) (width 0.12))
    (fp_line (start 1 0.6) (end -1 0.6) (layer F.Fab) (width 0.1))
    (fp_line (start 1 -0.6) (end 1 0.6) (layer F.Fab) (width 0.1))
    (fp_line (start -1 -0.6) (end 1 -0.6) (layer F.Fab) (width 0.1))
    (fp_line (start -1 0.6) (end -1 -0.6) (layer F.Fab) (width 0.1))
    (pad 2 smd roundrect (at 1.025 0 270) (size 1.15 1.4) (layers F.Cu F.Paste F.Mask) (roundrect_rratio 0.217391)
      (net 2 GND))
    (pad 1 smd roundrect (at -1.025 0 270) (size 1.15 1.4) (layers F.Cu F.Paste F.Mask) (roundrect_rratio 0.217391)
      (net 3 "Net-(C6-Pad1)"))
    (model ${KISYS3DMOD}/Capacitor_SMD.3dshapes/C_0805_2012Metric.wrl
      (at (xyz 0 0 0))
      (scale (xyz 1 1 1))
      (rotate (xyz 0 0 0))
    )
  )

  (module Capacitor_SMD:C_0805_2012Metric_Pad1.15x1.40mm_HandSolder (layer F.Cu) (tedit 5B36C52B) (tstamp 5B7BA2A0)
    (at 120.25 109)
    (descr "Capacitor SMD 0805 (2012 Metric), square (rectangular) end terminal, IPC_7351 nominal with elongated pad for handsoldering. (Body size source: https://docs.google.com/spreadsheets/d/1BsfQQcO9C6DZCsRaXUlFlo91Tg2WpOkGARC1WS5S8t0/edit?usp=sharing), generated with kicad-footprint-generator")
    (tags "capacitor handsolder")
    (path /5B691B10)
    (attr smd)
    (fp_text reference C5 (at -3 0) (layer F.SilkS)
      (effects (font (size 1 1) (thickness 0.15)))
    )
    (fp_text value 820p (at -3.75 1.25) (layer F.Fab)
      (effects (font (size 1 1) (thickness 0.15)))
    )
    (fp_line (start -1 0.6) (end -1 -0.6) (layer F.Fab) (width 0.1))
    (fp_line (start -1 -0.6) (end 1 -0.6) (layer F.Fab) (width 0.1))
    (fp_line (start 1 -0.6) (end 1 0.6) (layer F.Fab) (width 0.1))
    (fp_line (start 1 0.6) (end -1 0.6) (layer F.Fab) (width 0.1))
    (fp_line (start -0.261252 -0.71) (end 0.261252 -0.71) (layer F.SilkS) (width 0.12))
    (fp_line (start -0.261252 0.71) (end 0.261252 0.71) (layer F.SilkS) (width 0.12))
    (fp_line (start -1.85 0.95) (end -1.85 -0.95) (layer F.CrtYd) (width 0.05))
    (fp_line (start -1.85 -0.95) (end 1.85 -0.95) (layer F.CrtYd) (width 0.05))
    (fp_line (start 1.85 -0.95) (end 1.85 0.95) (layer F.CrtYd) (width 0.05))
    (fp_line (start 1.85 0.95) (end -1.85 0.95) (layer F.CrtYd) (width 0.05))
    (fp_text user %R (at 0 0) (layer F.Fab)
      (effects (font (size 0.5 0.5) (thickness 0.08)))
    )
    (pad 1 smd roundrect (at -1.025 0) (size 1.15 1.4) (layers F.Cu F.Paste F.Mask) (roundrect_rratio 0.217391)
      (net 7 "Net-(C5-Pad1)"))
    (pad 2 smd roundrect (at 1.025 0) (size 1.15 1.4) (layers F.Cu F.Paste F.Mask) (roundrect_rratio 0.217391)
      (net 2 GND))
    (model ${KISYS3DMOD}/Capacitor_SMD.3dshapes/C_0805_2012Metric.wrl
      (at (xyz 0 0 0))
      (scale (xyz 1 1 1))
      (rotate (xyz 0 0 0))
    )
  )

  (module Capacitor_SMD:C_0805_2012Metric_Pad1.15x1.40mm_HandSolder (layer F.Cu) (tedit 5B36C52B) (tstamp 5B7BA2D0)
    (at 124.25 106.75)
    (descr "Capacitor SMD 0805 (2012 Metric), square (rectangular) end terminal, IPC_7351 nominal with elongated pad for handsoldering. (Body size source: https://docs.google.com/spreadsheets/d/1BsfQQcO9C6DZCsRaXUlFlo91Tg2WpOkGARC1WS5S8t0/edit?usp=sharing), generated with kicad-footprint-generator")
    (tags "capacitor handsolder")
    (path /5B69197E)
    (attr smd)
    (fp_text reference C4 (at 0 -1.65) (layer F.SilkS)
      (effects (font (size 1 1) (thickness 0.15)))
    )
    (fp_text value 27n (at 0 1.65) (layer F.Fab)
      (effects (font (size 1 1) (thickness 0.15)))
    )
    (fp_text user %R (at 0 0) (layer F.Fab)
      (effects (font (size 0.5 0.5) (thickness 0.08)))
    )
    (fp_line (start 1.85 0.95) (end -1.85 0.95) (layer F.CrtYd) (width 0.05))
    (fp_line (start 1.85 -0.95) (end 1.85 0.95) (layer F.CrtYd) (width 0.05))
    (fp_line (start -1.85 -0.95) (end 1.85 -0.95) (layer F.CrtYd) (width 0.05))
    (fp_line (start -1.85 0.95) (end -1.85 -0.95) (layer F.CrtYd) (width 0.05))
    (fp_line (start -0.261252 0.71) (end 0.261252 0.71) (layer F.SilkS) (width 0.12))
    (fp_line (start -0.261252 -0.71) (end 0.261252 -0.71) (layer F.SilkS) (width 0.12))
    (fp_line (start 1 0.6) (end -1 0.6) (layer F.Fab) (width 0.1))
    (fp_line (start 1 -0.6) (end 1 0.6) (layer F.Fab) (width 0.1))
    (fp_line (start -1 -0.6) (end 1 -0.6) (layer F.Fab) (width 0.1))
    (fp_line (start -1 0.6) (end -1 -0.6) (layer F.Fab) (width 0.1))
    (pad 2 smd roundrect (at 1.025 0) (size 1.15 1.4) (layers F.Cu F.Paste F.Mask) (roundrect_rratio 0.217391)
      (net 2 GND))
    (pad 1 smd roundrect (at -1.025 0) (size 1.15 1.4) (layers F.Cu F.Paste F.Mask) (roundrect_rratio 0.217391)
      (net 10 "Net-(C4-Pad1)"))
    (model ${KISYS3DMOD}/Capacitor_SMD.3dshapes/C_0805_2012Metric.wrl
      (at (xyz 0 0 0))
      (scale (xyz 1 1 1))
      (rotate (xyz 0 0 0))
    )
  )

  (module Capacitor_SMD:C_0805_2012Metric_Pad1.15x1.40mm_HandSolder (layer F.Cu) (tedit 5B36C52B) (tstamp 5B7BBB8C)
    (at 112.34166 106.46638)
    (descr "Capacitor SMD 0805 (2012 Metric), square (rectangular) end terminal, IPC_7351 nominal with elongated pad for handsoldering. (Body size source: https://docs.google.com/spreadsheets/d/1BsfQQcO9C6DZCsRaXUlFlo91Tg2WpOkGARC1WS5S8t0/edit?usp=sharing), generated with kicad-footprint-generator")
    (tags "capacitor handsolder")
    (path /5B686F87)
    (attr smd)
    (fp_text reference C2 (at -2.59166 0.28362 90) (layer F.SilkS)
      (effects (font (size 1 1) (thickness 0.15)))
    )
    (fp_text value 22n (at 0 1.65) (layer F.Fab)
      (effects (font (size 1 1) (thickness 0.15)))
    )
    (fp_line (start -1 0.6) (end -1 -0.6) (layer F.Fab) (width 0.1))
    (fp_line (start -1 -0.6) (end 1 -0.6) (layer F.Fab) (width 0.1))
    (fp_line (start 1 -0.6) (end 1 0.6) (layer F.Fab) (width 0.1))
    (fp_line (start 1 0.6) (end -1 0.6) (layer F.Fab) (width 0.1))
    (fp_line (start -0.261252 -0.71) (end 0.261252 -0.71) (layer F.SilkS) (width 0.12))
    (fp_line (start -0.261252 0.71) (end 0.261252 0.71) (layer F.SilkS) (width 0.12))
    (fp_line (start -1.85 0.95) (end -1.85 -0.95) (layer F.CrtYd) (width 0.05))
    (fp_line (start -1.85 -0.95) (end 1.85 -0.95) (layer F.CrtYd) (width 0.05))
    (fp_line (start 1.85 -0.95) (end 1.85 0.95) (layer F.CrtYd) (width 0.05))
    (fp_line (start 1.85 0.95) (end -1.85 0.95) (layer F.CrtYd) (width 0.05))
    (fp_text user %R (at 0 0) (layer F.Fab)
      (effects (font (size 0.5 0.5) (thickness 0.08)))
    )
    (pad 1 smd roundrect (at -1.025 0) (size 1.15 1.4) (layers F.Cu F.Paste F.Mask) (roundrect_rratio 0.217391)
      (net 6 "Net-(C2-Pad1)"))
    (pad 2 smd roundrect (at 1.025 0) (size 1.15 1.4) (layers F.Cu F.Paste F.Mask) (roundrect_rratio 0.217391)
      (net 2 GND))
    (model ${KISYS3DMOD}/Capacitor_SMD.3dshapes/C_0805_2012Metric.wrl
      (at (xyz 0 0 0))
      (scale (xyz 1 1 1))
      (rotate (xyz 0 0 0))
    )
  )

  (module Resistor_SMD:R_0805_2012Metric_Pad1.15x1.40mm_HandSolder (layer F.Cu) (tedit 5B36C52B) (tstamp 5B7B9CAB)
    (at 124.65 102.75 270)
    (descr "Resistor SMD 0805 (2012 Metric), square (rectangular) end terminal, IPC_7351 nominal with elongated pad for handsoldering. (Body size source: https://docs.google.com/spreadsheets/d/1BsfQQcO9C6DZCsRaXUlFlo91Tg2WpOkGARC1WS5S8t0/edit?usp=sharing), generated with kicad-footprint-generator")
    (tags "resistor handsolder")
    (path /5B67F4A6)
    (attr smd)
    (fp_text reference R4 (at 0 -1.65 270) (layer F.SilkS)
      (effects (font (size 1 1) (thickness 0.15)))
    )
    (fp_text value 10k (at 0 -3.55 270) (layer F.Fab)
      (effects (font (size 1 1) (thickness 0.15)))
    )
    (fp_text user %R (at 0 0 270) (layer F.Fab)
      (effects (font (size 0.5 0.5) (thickness 0.08)))
    )
    (fp_line (start 1.85 0.95) (end -1.85 0.95) (layer F.CrtYd) (width 0.05))
    (fp_line (start 1.85 -0.95) (end 1.85 0.95) (layer F.CrtYd) (width 0.05))
    (fp_line (start -1.85 -0.95) (end 1.85 -0.95) (layer F.CrtYd) (width 0.05))
    (fp_line (start -1.85 0.95) (end -1.85 -0.95) (layer F.CrtYd) (width 0.05))
    (fp_line (start -0.261252 0.71) (end 0.261252 0.71) (layer F.SilkS) (width 0.12))
    (fp_line (start -0.261252 -0.71) (end 0.261252 -0.71) (layer F.SilkS) (width 0.12))
    (fp_line (start 1 0.6) (end -1 0.6) (layer F.Fab) (width 0.1))
    (fp_line (start 1 -0.6) (end 1 0.6) (layer F.Fab) (width 0.1))
    (fp_line (start -1 -0.6) (end 1 -0.6) (layer F.Fab) (width 0.1))
    (fp_line (start -1 0.6) (end -1 -0.6) (layer F.Fab) (width 0.1))
    (pad 2 smd roundrect (at 1.025 0 270) (size 1.15 1.4) (layers F.Cu F.Paste F.Mask) (roundrect_rratio 0.217391)
      (net 2 GND))
    (pad 1 smd roundrect (at -1.025 0 270) (size 1.15 1.4) (layers F.Cu F.Paste F.Mask) (roundrect_rratio 0.217391)
      (net 5 "Net-(R3-Pad2)"))
    (model ${KISYS3DMOD}/Resistor_SMD.3dshapes/R_0805_2012Metric.wrl
      (at (xyz 0 0 0))
      (scale (xyz 1 1 1))
      (rotate (xyz 0 0 0))
    )
  )

  (module Resistor_SMD:R_0805_2012Metric_Pad1.15x1.40mm_HandSolder (layer F.Cu) (tedit 5B36C52B) (tstamp 5B7BA0BA)
    (at 124.65 98.75 270)
    (descr "Resistor SMD 0805 (2012 Metric), square (rectangular) end terminal, IPC_7351 nominal with elongated pad for handsoldering. (Body size source: https://docs.google.com/spreadsheets/d/1BsfQQcO9C6DZCsRaXUlFlo91Tg2WpOkGARC1WS5S8t0/edit?usp=sharing), generated with kicad-footprint-generator")
    (tags "resistor handsolder")
    (path /5B67F434)
    (attr smd)
    (fp_text reference R3 (at -0.025001 -1.65 270) (layer F.SilkS)
      (effects (font (size 1 1) (thickness 0.15)))
    )
    (fp_text value 88.2k (at 0 -3 270) (layer F.Fab)
      (effects (font (size 1 1) (thickness 0.15)))
    )
    (fp_line (start -1 0.6) (end -1 -0.6) (layer F.Fab) (width 0.1))
    (fp_line (start -1 -0.6) (end 1 -0.6) (layer F.Fab) (width 0.1))
    (fp_line (start 1 -0.6) (end 1 0.6) (layer F.Fab) (width 0.1))
    (fp_line (start 1 0.6) (end -1 0.6) (layer F.Fab) (width 0.1))
    (fp_line (start -0.261252 -0.71) (end 0.261252 -0.71) (layer F.SilkS) (width 0.12))
    (fp_line (start -0.261252 0.71) (end 0.261252 0.71) (layer F.SilkS) (width 0.12))
    (fp_line (start -1.85 0.95) (end -1.85 -0.95) (layer F.CrtYd) (width 0.05))
    (fp_line (start -1.85 -0.95) (end 1.85 -0.95) (layer F.CrtYd) (width 0.05))
    (fp_line (start 1.85 -0.95) (end 1.85 0.95) (layer F.CrtYd) (width 0.05))
    (fp_line (start 1.85 0.95) (end -1.85 0.95) (layer F.CrtYd) (width 0.05))
    (fp_text user %R (at 0 0 270) (layer F.Fab)
      (effects (font (size 0.5 0.5) (thickness 0.08)))
    )
    (pad 1 smd roundrect (at -1.025 0 270) (size 1.15 1.4) (layers F.Cu F.Paste F.Mask) (roundrect_rratio 0.217391)
      (net 3 "Net-(C6-Pad1)"))
    (pad 2 smd roundrect (at 1.025 0 270) (size 1.15 1.4) (layers F.Cu F.Paste F.Mask) (roundrect_rratio 0.217391)
      (net 5 "Net-(R3-Pad2)"))
    (model ${KISYS3DMOD}/Resistor_SMD.3dshapes/R_0805_2012Metric.wrl
      (at (xyz 0 0 0))
      (scale (xyz 1 1 1))
      (rotate (xyz 0 0 0))
    )
  )

  (module Resistor_SMD:R_0805_2012Metric_Pad1.15x1.40mm_HandSolder (layer F.Cu) (tedit 5B36C52B) (tstamp 5B7BA0EA)
    (at 120.225 106.75)
    (descr "Resistor SMD 0805 (2012 Metric), square (rectangular) end terminal, IPC_7351 nominal with elongated pad for handsoldering. (Body size source: https://docs.google.com/spreadsheets/d/1BsfQQcO9C6DZCsRaXUlFlo91Tg2WpOkGARC1WS5S8t0/edit?usp=sharing), generated with kicad-footprint-generator")
    (tags "resistor handsolder")
    (path /5B690AB7)
    (attr smd)
    (fp_text reference R2 (at 1.025 -1.75) (layer F.SilkS)
      (effects (font (size 1 1) (thickness 0.15)))
    )
    (fp_text value 2.32k (at -3.975 0) (layer F.Fab)
      (effects (font (size 1 1) (thickness 0.15)))
    )
    (fp_text user %R (at 0.025 0) (layer F.Fab)
      (effects (font (size 0.5 0.5) (thickness 0.08)))
    )
    (fp_line (start 1.85 0.95) (end -1.85 0.95) (layer F.CrtYd) (width 0.05))
    (fp_line (start 1.85 -0.95) (end 1.85 0.95) (layer F.CrtYd) (width 0.05))
    (fp_line (start -1.85 -0.95) (end 1.85 -0.95) (layer F.CrtYd) (width 0.05))
    (fp_line (start -1.85 0.95) (end -1.85 -0.95) (layer F.CrtYd) (width 0.05))
    (fp_line (start -0.261252 0.71) (end 0.261252 0.71) (layer F.SilkS) (width 0.12))
    (fp_line (start -0.261252 -0.71) (end 0.261252 -0.71) (layer F.SilkS) (width 0.12))
    (fp_line (start 1 0.6) (end -1 0.6) (layer F.Fab) (width 0.1))
    (fp_line (start 1 -0.6) (end 1 0.6) (layer F.Fab) (width 0.1))
    (fp_line (start -1 -0.6) (end 1 -0.6) (layer F.Fab) (width 0.1))
    (fp_line (start -1 0.6) (end -1 -0.6) (layer F.Fab) (width 0.1))
    (pad 2 smd roundrect (at 1.025 0) (size 1.15 1.4) (layers F.Cu F.Paste F.Mask) (roundrect_rratio 0.217391)
      (net 10 "Net-(C4-Pad1)"))
    (pad 1 smd roundrect (at -1.025 0) (size 1.15 1.4) (layers F.Cu F.Paste F.Mask) (roundrect_rratio 0.217391)
      (net 7 "Net-(C5-Pad1)"))
    (model ${KISYS3DMOD}/Resistor_SMD.3dshapes/R_0805_2012Metric.wrl
      (at (xyz 0 0 0))
      (scale (xyz 1 1 1))
      (rotate (xyz 0 0 0))
    )
  )

  (module Resistor_SMD:R_0805_2012Metric_Pad1.15x1.40mm_HandSolder (layer F.Cu) (tedit 5B36C52B) (tstamp 5B7BA11A)
    (at 122 101 90)
    (descr "Resistor SMD 0805 (2012 Metric), square (rectangular) end terminal, IPC_7351 nominal with elongated pad for handsoldering. (Body size source: https://docs.google.com/spreadsheets/d/1BsfQQcO9C6DZCsRaXUlFlo91Tg2WpOkGARC1WS5S8t0/edit?usp=sharing), generated with kicad-footprint-generator")
    (tags "resistor handsolder")
    (path /5B686E92)
    (attr smd)
    (fp_text reference R1 (at 0 -1.65 90) (layer F.SilkS)
      (effects (font (size 1 1) (thickness 0.15)))
    )
    (fp_text value 38.3k (at 2.6 -0.6 180) (layer F.Fab)
      (effects (font (size 1 1) (thickness 0.15)))
    )
    (fp_line (start -1 0.6) (end -1 -0.6) (layer F.Fab) (width 0.1))
    (fp_line (start -1 -0.6) (end 1 -0.6) (layer F.Fab) (width 0.1))
    (fp_line (start 1 -0.6) (end 1 0.6) (layer F.Fab) (width 0.1))
    (fp_line (start 1 0.6) (end -1 0.6) (layer F.Fab) (width 0.1))
    (fp_line (start -0.261252 -0.71) (end 0.261252 -0.71) (layer F.SilkS) (width 0.12))
    (fp_line (start -0.261252 0.71) (end 0.261252 0.71) (layer F.SilkS) (width 0.12))
    (fp_line (start -1.85 0.95) (end -1.85 -0.95) (layer F.CrtYd) (width 0.05))
    (fp_line (start -1.85 -0.95) (end 1.85 -0.95) (layer F.CrtYd) (width 0.05))
    (fp_line (start 1.85 -0.95) (end 1.85 0.95) (layer F.CrtYd) (width 0.05))
    (fp_line (start 1.85 0.95) (end -1.85 0.95) (layer F.CrtYd) (width 0.05))
    (fp_text user %R (at 0 0 90) (layer F.Fab)
      (effects (font (size 0.5 0.5) (thickness 0.08)))
    )
    (pad 1 smd roundrect (at -1.025 0 90) (size 1.15 1.4) (layers F.Cu F.Paste F.Mask) (roundrect_rratio 0.217391)
      (net 8 "Net-(R1-Pad1)"))
    (pad 2 smd roundrect (at 1.025 0 90) (size 1.15 1.4) (layers F.Cu F.Paste F.Mask) (roundrect_rratio 0.217391)
      (net 2 GND))
    (model ${KISYS3DMOD}/Resistor_SMD.3dshapes/R_0805_2012Metric.wrl
      (at (xyz 0 0 0))
      (scale (xyz 1 1 1))
      (rotate (xyz 0 0 0))
    )
  )

  (module dylan-custom:Cap_Pol_Radial_D8_P2 (layer F.Cu) (tedit 58F09B01) (tstamp 5B7BA392)
    (at 144.15 94.55 270)
    (descr "Radial Electrolytic Capacitor Diameter 8mm x Length 13mm, Pitch 3.8mm")
    (tags "Electrolytic Capacitor")
    (path /5B6823A4)
    (fp_text reference C6 (at 1.27 5.08 90) (layer F.SilkS)
      (effects (font (size 1 1) (thickness 0.15)))
    )
    (fp_text value 47u (at 1.27 -4.826 270) (layer F.Fab)
      (effects (font (size 1 1) (thickness 0.15)))
    )
    (fp_line (start -1.778 -0.254) (end -1.778 0.254) (layer F.SilkS) (width 0.15))
    (fp_line (start -1.524 0) (end -2.032 0) (layer F.SilkS) (width 0.15))
    (fp_line (start 1.27 -0.5715) (end 1.397 -0.6985) (layer F.SilkS) (width 0.15))
    (fp_line (start 1.397 -0.6985) (end 1.397 -3.8735) (layer F.SilkS) (width 0.15))
    (fp_line (start 1.397 3.937) (end 1.397 0.635) (layer F.SilkS) (width 0.15))
    (fp_line (start 1.524 3.937) (end 1.524 0.8255) (layer F.SilkS) (width 0.15))
    (fp_line (start 1.524 0.8255) (end 1.651 0.9525) (layer F.SilkS) (width 0.15))
    (fp_line (start 1.651 0.9525) (end 1.651 3.937) (layer F.SilkS) (width 0.15))
    (fp_line (start 1.651 3.937) (end 1.778 3.937) (layer F.SilkS) (width 0.15))
    (fp_line (start 1.778 3.937) (end 1.778 1.0795) (layer F.SilkS) (width 0.15))
    (fp_line (start 1.778 1.0795) (end 1.905 1.143) (layer F.SilkS) (width 0.15))
    (fp_line (start 1.905 1.143) (end 1.905 3.937) (layer F.SilkS) (width 0.15))
    (fp_line (start 1.905 3.937) (end 2.032 3.8735) (layer F.SilkS) (width 0.15))
    (fp_line (start 2.032 3.8735) (end 2.032 1.2065) (layer F.SilkS) (width 0.15))
    (fp_line (start 2.032 1.2065) (end 2.159 1.27) (layer F.SilkS) (width 0.15))
    (fp_line (start 2.159 1.27) (end 2.159 3.81) (layer F.SilkS) (width 0.15))
    (fp_line (start 2.159 3.81) (end 2.286 3.81) (layer F.SilkS) (width 0.15))
    (fp_line (start 2.286 3.81) (end 2.286 1.27) (layer F.SilkS) (width 0.15))
    (fp_line (start 2.286 1.27) (end 2.413 1.27) (layer F.SilkS) (width 0.15))
    (fp_line (start 2.413 1.27) (end 2.413 3.81) (layer F.SilkS) (width 0.15))
    (fp_line (start 2.413 3.81) (end 2.54 3.7465) (layer F.SilkS) (width 0.15))
    (fp_line (start 2.54 3.7465) (end 2.54 1.3335) (layer F.SilkS) (width 0.15))
    (fp_line (start 2.54 1.3335) (end 2.667 1.3335) (layer F.SilkS) (width 0.15))
    (fp_line (start 2.667 1.3335) (end 2.667 3.683) (layer F.SilkS) (width 0.15))
    (fp_line (start 2.667 3.683) (end 2.794 3.6195) (layer F.SilkS) (width 0.15))
    (fp_line (start 2.794 3.6195) (end 2.794 1.27) (layer F.SilkS) (width 0.15))
    (fp_line (start 2.794 1.27) (end 2.921 1.2065) (layer F.SilkS) (width 0.15))
    (fp_line (start 2.921 1.2065) (end 2.921 3.6195) (layer F.SilkS) (width 0.15))
    (fp_line (start 2.921 3.6195) (end 3.048 3.4925) (layer F.SilkS) (width 0.15))
    (fp_line (start 3.048 3.4925) (end 3.048 1.2065) (layer F.SilkS) (width 0.15))
    (fp_line (start 3.048 1.2065) (end 3.175 1.143) (layer F.SilkS) (width 0.15))
    (fp_line (start 3.175 1.143) (end 3.175 3.4925) (layer F.SilkS) (width 0.15))
    (fp_line (start 3.175 3.4925) (end 3.302 3.3655) (layer F.SilkS) (width 0.15))
    (fp_line (start 3.302 3.3655) (end 3.302 1.016) (layer F.SilkS) (width 0.15))
    (fp_line (start 3.302 1.016) (end 3.429 0.9525) (layer F.SilkS) (width 0.15))
    (fp_line (start 3.429 0.9525) (end 3.429 3.3655) (layer F.SilkS) (width 0.15))
    (fp_line (start 3.429 3.3655) (end 3.556 3.175) (layer F.SilkS) (width 0.15))
    (fp_line (start 3.556 3.175) (end 3.556 0.8255) (layer F.SilkS) (width 0.15))
    (fp_line (start 3.556 0.8255) (end 3.683 0.635) (layer F.SilkS) (width 0.15))
    (fp_line (start 3.683 0.635) (end 3.683 3.1115) (layer F.SilkS) (width 0.15))
    (fp_line (start 1.524 -3.937) (end 1.524 -0.8255) (layer F.SilkS) (width 0.15))
    (fp_line (start 1.524 -0.8255) (end 1.651 -0.9525) (layer F.SilkS) (width 0.15))
    (fp_line (start 1.651 -0.9525) (end 1.651 -3.937) (layer F.SilkS) (width 0.15))
    (fp_line (start 1.651 -3.937) (end 1.778 -3.8735) (layer F.SilkS) (width 0.15))
    (fp_line (start 1.778 -3.8735) (end 1.778 -1.0795) (layer F.SilkS) (width 0.15))
    (fp_line (start 1.778 -1.0795) (end 1.905 -1.2065) (layer F.SilkS) (width 0.15))
    (fp_line (start 1.905 -1.2065) (end 1.905 -3.937) (layer F.SilkS) (width 0.15))
    (fp_line (start 1.905 -3.937) (end 2.032 -3.8735) (layer F.SilkS) (width 0.15))
    (fp_line (start 2.032 -3.8735) (end 2.032 -1.2065) (layer F.SilkS) (width 0.15))
    (fp_line (start 2.032 -1.2065) (end 2.159 -1.27) (layer F.SilkS) (width 0.15))
    (fp_line (start 2.159 -1.27) (end 2.159 -3.81) (layer F.SilkS) (width 0.15))
    (fp_line (start 2.159 -3.81) (end 2.286 -3.81) (layer F.SilkS) (width 0.15))
    (fp_line (start 2.286 -3.81) (end 2.286 -1.27) (layer F.SilkS) (width 0.15))
    (fp_line (start 2.286 -1.27) (end 2.413 -1.27) (layer F.SilkS) (width 0.15))
    (fp_line (start 2.413 -1.27) (end 2.413 -3.81) (layer F.SilkS) (width 0.15))
    (fp_line (start 2.413 -3.81) (end 2.54 -3.7465) (layer F.SilkS) (width 0.15))
    (fp_line (start 2.54 -3.7465) (end 2.54 -1.27) (layer F.SilkS) (width 0.15))
    (fp_line (start 2.54 -1.27) (end 2.667 -1.27) (layer F.SilkS) (width 0.15))
    (fp_line (start 2.667 -1.27) (end 2.667 -3.7465) (layer F.SilkS) (width 0.15))
    (fp_line (start 2.667 -3.7465) (end 2.794 -3.683) (layer F.SilkS) (width 0.15))
    (fp_line (start 2.794 -3.683) (end 2.794 -1.27) (layer F.SilkS) (width 0.15))
    (fp_line (start 2.794 -1.27) (end 2.921 -1.27) (layer F.SilkS) (width 0.15))
    (fp_line (start 2.921 -1.27) (end 2.921 -3.6195) (layer F.SilkS) (width 0.15))
    (fp_line (start 2.921 -3.6195) (end 3.048 -3.556) (layer F.SilkS) (width 0.15))
    (fp_line (start 3.048 -3.556) (end 3.048 -1.2065) (layer F.SilkS) (width 0.15))
    (fp_line (start 3.048 -1.2065) (end 3.175 -1.143) (layer F.SilkS) (width 0.15))
    (fp_line (start 3.175 -1.143) (end 3.175 -3.4925) (layer F.SilkS) (width 0.15))
    (fp_line (start 3.175 -3.4925) (end 3.302 -3.429) (layer F.SilkS) (width 0.15))
    (fp_line (start 3.302 -3.429) (end 3.302 -1.016) (layer F.SilkS) (width 0.15))
    (fp_line (start 3.302 -1.016) (end 3.429 -0.9525) (layer F.SilkS) (width 0.15))
    (fp_line (start 3.429 -0.9525) (end 3.429 -3.302) (layer F.SilkS) (width 0.15))
    (fp_line (start 3.429 -3.302) (end 3.556 -3.2385) (layer F.SilkS) (width 0.15))
    (fp_line (start 3.556 -3.2385) (end 3.556 -0.8255) (layer F.SilkS) (width 0.15))
    (fp_line (start 3.556 -0.8255) (end 3.683 -0.635) (layer F.SilkS) (width 0.15))
    (fp_line (start 3.683 -0.635) (end 3.683 -3.1115) (layer F.SilkS) (width 0.15))
    (fp_line (start 3.81 -2.9845) (end 4.191 -2.6035) (layer F.SilkS) (width 0.15))
    (fp_line (start 4.7625 -1.905) (end 4.6355 -1.9685) (layer F.SilkS) (width 0.15))
    (fp_line (start 4.6355 -1.9685) (end 4.445 -2.032) (layer F.SilkS) (width 0.15))
    (fp_line (start 5.0165 1.2065) (end 5.0165 1.016) (layer F.SilkS) (width 0.15))
    (fp_line (start 3.937 2.8575) (end 4.064 2.7305) (layer F.SilkS) (width 0.15))
    (fp_line (start 4.445 2.2225) (end 4.5085 2.159) (layer F.SilkS) (width 0.15))
    (fp_circle (center 2.54 0) (end 3.81 0) (layer F.SilkS) (width 0.15))
    (fp_line (start 1.27 -4.0005) (end 1.27 3.937) (layer F.SilkS) (width 0.15))
    (fp_line (start 1.27 3.937) (end 1.397 3.937) (layer F.SilkS) (width 0.15))
    (fp_line (start 3.683 -3.175) (end 3.81 -3.048) (layer F.SilkS) (width 0.15))
